土地區段位置或建物區門牌,都市土地使用分區,lng,lat
臺北市內湖區康寧路三段75巷211~240號,住,121.614003,25.077126
臺北市大安區泰順街33巷1~30號,住,121.531653,25.0260299
臺北市大安區仁愛路三段143巷1~30號,住,121.5331059,25.0384906
臺北市松山區八德路二段331~360號,商,121.5432525,25.0475222
臺北市松山區八德路四段601~630號,商,121.5742437,25.0500427
臺北市松山區南京東路五段291巷29弄1~30號,住,121.5573674,25.0518185
臺北市中山區北安路588巷31~60號,住,121.5500151,25.0810702
臺北市信義區松勇路31~60號,,121.5700912,25.0368853
臺北市松山區南京東路五段250巷18弄31~60號,住,121.568084,25.050552
臺北市信義區吳興街600巷76弄61~90號,住,121.5704009,25.0177936
臺北市北投區大興街91~120號,住,121.5022934,25.1308613
臺北市中山區長安東路一段30巷3弄1~30號,商,121.522081,25.049818
臺北市大同區萬全街1~30號,商,121.5203491,25.058718
臺北市大同區萬全街1~30號,商,121.5203491,25.058718
臺北市大同區萬全街1~30號,商,121.5203491,25.058718
臺北市內湖區陽光街68巷61~90號,住,121.585999,25.0766566
臺北市內湖區民權東路六段90巷25弄31~60號,住,121.5871516,25.0671133
臺北市文山區木新路三段232巷7弄1~30號,住,121.5652421,24.9826247
臺北市文山區興隆路二段61巷1~30號,住,121.5455398,24.9990517
臺北市萬華區萬大路481~510號,住,121.4981059,25.0203058
臺北市大安區延吉街137巷1~30號,住,121.5546471,25.0420931
臺北市大安區敦化南路二段55巷1~30號,其他,121.5492181,25.0330358
臺北市大安區忠孝東路四段211~240號,商,121.5520887,25.0416923
臺北市內湖區民權東路六段280巷155弄211~240號,住,121.6097857,25.0684851
臺北市內湖區陽光街285巷1~30號,住,121.5802473,25.0740502
臺北市內湖區康樂街186巷1弄1~30號,住,121.6204465,25.0762526
臺北市中山區松江路133巷31~60號,住,121.5331738,25.0474392
臺北市內湖區成功路四段331~360號,住,121.5992373,25.0844694
臺北市內湖區文湖街21巷61~90號,住,121.5628887,25.0868247
臺北市中山區中山北路三段31~60號,商,121.522573,25.0657089
臺北市內湖區內湖路二段361~390號,商,121.5922441,25.0837795
臺北市萬華區環河南路三段271~300號,住,121.493383,25.0192389
臺北市萬華區寶興街151~180號,住,121.49508,25.024373
臺北市萬華區中華路二段416巷1~30號,住,121.503617,25.026718
臺北市大同區承德路二段175巷1~30號,住,121.5188396,25.0534738
臺北市文山區樟新街56巷1~30號,住,121.5551272,24.9776989
臺北市文山區和平東路四段295巷61~90號,住,121.5731529,25.0017202
臺北市文山區辛亥路四段77巷92弄1~30號,住,121.5599032,25.008969
臺北市文山區木柵路三段85巷1~30號,住,121.567674,24.989071
臺北市信義區虎林街232巷1~30號,住,121.577446,25.036846
臺北市信義區崇德街91~120號,住,121.555211,25.0242137
臺北市內湖區江南街65巷1~30號,住,121.5776652,25.0773343
臺北市信義區永吉路321巷18弄1~30號,住,121.574757,25.044827
臺北市南港區重陽路125巷36弄1~30號,住,121.610562,25.06035
臺北市信義區松德路200巷1~30號,其他,121.577835,25.039351
臺北市松山區新東街9巷1~30號,住,121.5658646,25.0579927
臺北市信義區虎林街50巷1~30號,住,121.576742,25.046779
臺北市松山區光復北路60巷1~30號,住,121.5580718,25.0484203
臺北市士林區中山北路七段190巷1~30號,住,121.5331661,25.1251025
臺北市士林區德行東路190巷1弄1~30號,住,121.5319395,25.106733
臺北市北投區公?路161巷1~30號,住,121.453269,25.1694558
臺北市北投區公?路161巷1~30號,住,121.453269,25.1694558
臺北市北投區三合街一段82巷31~60號,住,121.5046599,25.1282575
臺北市士林區中山北路七段38巷12弄1~30號,住,121.5318025,25.1197353
臺北市大安區潮州街121~150號,住,121.528116,25.0287049
臺北市大安區臥龍街301~330號,住,121.55974,25.0169789
臺北市大安區新生南路三段86巷1~30號,住,121.5345231,25.0251549
臺北市大安區忠孝東路四段216巷40弄1~30號,住,121.5440557,25.0418391
臺北市大安區敦化南路二段121~150號,其他,121.548255,25.025329
臺北市北投區稻香路161巷1~30號,住,121.4890092,25.1422235
臺北市士林區德行東路240巷1~30號,住,121.5336196,25.1093784
臺北市士林區天母東路31~60號,商,121.5319856,25.1182213
臺北市北投區復興四路12巷1~30號,住,121.500401,25.141427
臺北市北投區永興路一段31~60號,商,121.5000162,25.139286
臺北市士林區葫蘆街54巷31~60號,住,121.5091768,25.0810211
臺北市北投區東華街一段400巷1~30號,住,121.5185339,25.1108609
臺北市士林區天母北路31~60號,住,121.5266031,25.1202139
臺北市士林區中社路二段31~60號,住,121.56308,25.1075709
臺北市士林區天母北路1~30號,住,121.526361,25.118868
臺北市北投區溫泉路91~120號,其他,121.5073655,25.1356314
臺北市士林區美崙街86巷1~30號,住,121.5212267,25.0969171
臺北市北投區豐年路二段61~90號,住,121.4933201,25.1371401
臺北市信義區忠孝東路五段1~30號,住,121.581918,25.043939
臺北市信義區吳興街600巷91~120號,住,121.5608513,25.030587
臺北市信義區吳興街181~210號,商,121.5625233,25.0286437
臺北市南港區南港路二段151~180號,住,121.5956354,25.0544434
臺北市松山區撫遠街389巷31~60號,住,121.5670624,25.0651855
臺北市中山區新生北路三段56巷1~30號,商,121.5273555,25.0654686
臺北市信義區光復南路417巷211~240號,住,121.5602068,25.0368328
臺北市南港區松河街271~300號,商,121.5810019,25.052361
臺北市信義區基隆路一段35巷7弄1~30號,住,121.5705192,25.0480616
臺北市中正區和平西路二段16巷1~30號,住,121.5136406,25.0278432
臺北市文山區興隆路三段207巷13弄1~30號,住,121.561715,24.994935
臺北市文山區秀明路一段19巷5弄1~30號,住,121.563696,24.9899249
臺北市萬華區萬大路486巷59弄1~30號,住,121.4958985,25.0204597
臺北市萬華區萬大路486巷37弄1~30號,住,121.496321,25.019974
臺北市萬華區長順街48巷1~30號,住,121.489049,25.0318038
臺北市大同區民生西路211~240號,商,121.5163166,25.0572537
臺北市萬華區康定路91~120號,商,121.5020696,25.0397957
臺北市萬華區康定路91~120號,商,121.5020696,25.0397957
臺北市萬華區康定路91~120號,商,121.5020696,25.0397957
臺北市萬華區康定路91~120號,商,121.5020696,25.0397957
臺北市內湖區文德路208巷31~60號,住,121.5809304,25.0786867
臺北市內湖區江南街91~120號,住,121.577014,25.076926
臺北市中山區中山北路二段62巷1~30號,商,121.522842,25.0524875
臺北市中山區內湖路二段103巷31~60號,住,121.5797345,25.0789639
臺北市中山區中山北路二段26巷1~30號,住,121.522842,25.0524875
臺北市中山區雙城街3巷1~30號,商,121.5244641,25.0630116
臺北市中山區農安街31~60號,商,121.5248968,25.0650101
臺北市中山區林森北路361~390號,商,121.525506,25.0572808
臺北市內湖區內湖路一段47巷22弄1~30號,住,121.5592527,25.0880445
臺北市大安區仁愛路四段91巷1~30號,商,121.5440218,25.0382984
臺北市大安區敦化南路一段270巷1~30號,商,121.5476784,25.0387787
臺北市北投區明德路271~300號,住,121.5222782,25.1145719
臺北市文山區和興路44巷31~60號,住,121.5460288,24.9838764
臺北市中山區長安東路二段181~210號,商,121.5425493,25.048284
臺北市士林區福德路57巷25弄1~30號,住,121.5216846,25.0915476
臺北市信義區吳興街220巷73弄1~30號,住,121.560822,25.026218
臺北市松山區健康路391~420號,住,121.5687966,25.054497
臺北市士林區天母北路31~60號,住,121.5266031,25.1202139
臺北市北投區同德街31~60號,住,121.5285427,25.1244963
臺北市中山區復興北路402巷8弄1~30號,住,121.543753,25.061717
臺北市內湖區康寧路三段54巷1~30號,住,121.6087405,25.071675
臺北市大安區四維路192巷1~30號,住,121.5473494,25.0269948
臺北市中正區林森南路99巷2弄1~30號,住,121.5217943,25.0377066
臺北市中正區仁愛路二段65巷1弄1~30號,住,121.5256136,25.0385025
臺北市北投區立農街一段357巷1~30號,住,121.5081021,25.1197019
臺北市北投區中和街525巷6弄1~30號,住,121.4934267,25.1449495
臺北市北投區中山路1~30號,其他,121.504888,25.137139
臺北市大安區溫州街16巷1~30號,住,121.533408,25.025297
臺北市大安區金山南路二段185巷1~30號,住,121.526634,25.028457
臺北市中山區朱崙街31~60號,住,121.5409333,25.0500866
臺北市中山區林森北路511~540號,商,121.5257455,25.0619756
臺北市內湖區康樂街186巷1~30號,住,121.6203077,25.0760699
臺北市中山區復興北路31~60號,商,121.544416,25.049515
臺北市中山區民權東路三段60巷1~30號,住,121.538864,25.063371
臺北市中山區林森北路107巷61~90號,商,121.5271009,25.0499592
臺北市中山區龍江路149巷1~30號,住,121.540523,25.0470691
臺北市內湖區金湖路121~150號,住,121.5984956,25.0802399
臺北市中山區長安東路二段151~180號,商,121.5412075,25.0482059
臺北市內湖區康寧路三段70巷61~90號,住,121.6098643,25.0682379
臺北市內湖區文德路22巷44弄1~30號,住,121.5801441,25.0769349
臺北市中山區林森北路107巷31~60號,商,121.526122,25.0502007
臺北市內湖區安康路434巷20弄1~30號,住,121.615505,25.0665728
臺北市內湖區內湖路三段72巷31~60號,住,121.591636,25.087184
臺北市內湖區文德路66巷34弄1~30號,住,121.5818969,25.0762701
臺北市大同區承德路三段211~240號,商,121.5186793,25.0700316
臺北市中正區中華路一段95巷1~30號,商,121.5106925,25.0475499
臺北市萬華區中華路二段364巷1~30號,住,121.5044408,25.0287765
臺北市中正區忠孝東路一段61~90號,商,121.5261734,25.0441937
臺北市中正區杭州南路一段77巷1~30號,住,121.5258924,25.0392397
臺北市萬華區萬大路486巷59弄1~30號,住,121.4958985,25.0204597
臺北市萬華區武成街63巷1~30號,住,121.494806,25.018754
臺北市文山區車前路1~30號,商,121.541157,24.991249
臺北市中正區廈門街131巷1~30號,住,121.5176494,25.0227804
臺北市中正區重慶南路三段151~180號,住,121.517084,25.0230019
臺北市文山區羅斯福路五段97巷1~30號,住,121.5392736,25.0055523
臺北市文山區車前路1~30號,商,121.541157,24.991249
臺北市文山區木柵路四段33巷1~30號,住,121.570977,24.993201
臺北市松山區南京東路四段181~210號,商,121.5565688,25.0517846
臺北市信義區光復南路481~510號,商,121.557508,25.04606
臺北市松山區南京東路四段181~210號,商,121.5565688,25.0517846
臺北市信義區光復南路421~450號,住,121.5577004,25.0363296
臺北市信義區虎林街222巷1~30號,住,121.575927,25.0362269
臺北市信義區莊敬路331~360號,商,121.563921,25.028086
臺北市信義區永吉路30巷148弄1~30號,住,121.567457,25.043054
臺北市松山區民生東路四段80巷1弄1~30號,住,121.553108,25.0576829
臺北市南港區經園街61~90號,住,121.6169136,25.0620948
臺北市北投區公?路276巷1~30號,住,121.453269,25.1694558
臺北市士林區承德路四段6巷1~30號,住,121.52131,25.0791288
臺北市北投區懷德街75巷31~60號,住,121.5189742,25.113676
臺北市北投區西安街一段293巷1~30號,住,121.5164831,25.1122692
臺北市北投區承德路七段31~60號,住,121.510722,25.111556
臺北市北投區行義路154巷1~30號,住,121.5258133,25.1240896
臺北市士林區至善路二段61~90號,住,121.545447,25.098263
臺北市大安區師大路31~60號,住,121.528649,25.025084
臺北市士林區文昌路1~30號,住,121.520057,25.098471
臺北市大安區辛亥路一段61~90號,住,121.5296787,25.0203368
臺北市大安區敦化南路一段361~390號,其他,121.5485556,25.0337903
臺北市大安區建國南路一段175巷31~60號,住,121.538814,25.041049
臺北市北投區三合街一段79巷1~30號,住,121.5050294,25.1269006
臺北市北投區中央北路四段583巷10弄1~30號,住,121.465901,25.12478
臺北市士林區吉利街314巷1~30號,住,121.505963,25.118684
臺北市士林區後街21巷31~60號,住,121.524643,25.098672
臺北市北投區稻香路135巷1~30號,住,121.4900864,25.1422492
臺北市士林區通河西街二段121~150號,住,121.5068773,25.0929118
臺北市北投區石牌路二段315巷10弄1~30號,住,121.5226202,25.1224319
臺北市北投區中和街361~390號,其他,121.498943,25.141735
臺北市士林區社中街384巷2弄1~30號,住,121.5031893,25.0926401
臺北市北投區東華街一段1~30號,住,121.520248,25.10853
臺北市信義區松智路31巷1~30號,住,121.5658535,25.0384776
臺北市信義區逸仙路26巷1~30號,住,121.5619047,25.0395657
臺北市信義區景雲街31~60號,住,121.57562,25.01801
臺北市松山區八德路四段781~810號,商,121.5783844,25.0511475
臺北市信義區永吉路200巷21弄1~30號,住,121.572789,25.04467
臺北市信義區忠孝東路四段511~540號,住,121.5605639,25.0413432
臺北市內湖區大湖街160巷1~30號,住,121.6002592,25.0841964
臺北市中正區羅斯福路三段210巷1~30號,住,121.532562,25.016149
臺北市中正區中華路二段451~480號,住,121.5096109,25.0249373
臺北市文山區保儀路181~210號,住,121.5658536,24.9833483
臺北市中山區合江街73巷31~60號,住,121.5400738,25.058826
臺北市中山區雙城街43巷1~30號,商,121.5246026,25.067565
臺北市中山區林森北路571~600號,商,121.5254352,25.0660663
臺北市大安區青田街2巷1~30號,住,121.531809,25.028619
臺北市大安區建國南路二段91~120號,住,121.538332,25.0304189
臺北市文山區景華街91~120號,住,121.546087,24.995454
臺北市文山區景興路181~210號,商,121.5444329,24.9927645
臺北市大安區敦化南路二段81巷45弄31~60號,住,121.550747,25.030629
臺北市大安區溫州街12巷1~30號,商,121.533372,25.025739
臺北市內湖區港墘路127巷6弄1~30號,住,121.5761988,25.0779486
臺北市信義區莊敬路391~420號,商,121.5656565,25.0274274
臺北市中山區長安東路一段56巷7弄1~30號,商,121.5298691,25.0469325
臺北市中山區長安東路一段56巷7弄1~30號,商,121.5298691,25.0469325
臺北市中山區長安東路一段56巷7弄1~30號,商,121.5298691,25.0469325
臺北市松山區南京東路四段133巷5弄1~30號,商,121.5495307,25.0519742
臺北市松山區撫遠街390巷1~30號,其他,121.566869,25.061443
臺北市南港區經貿二路157巷36弄61~90號,住,121.6156424,25.0611832
臺北市松山區興安街211~240號,住,121.5448029,25.0561049
臺北市中山區復興北路151~180號,商,121.544471,25.0536429
臺北市中山區伊通街125巷1~30號,住,121.5347654,25.0480342
臺北市中山區大直街34巷1~30號,住,121.5459921,25.0817465
臺北市大安區仁愛路四段300巷1~30號,住,121.5440218,25.0382984
臺北市大安區四維路198巷38弄1~30號,住,121.5473797,25.0266081
臺北市大安區仁愛路四段391~420號,其他,121.5565627,25.0375086
臺北市大安區忠孝東路四段91~120號,商,121.547781,25.041778
臺北市大安區和平東路三段91~120號,商,121.5505855,25.024688
臺北市北投區知行路241~270號,住,121.467014,25.120562
臺北市北投區立農街二段211~240號,住,121.5142072,25.1188534
臺北市大安區安和路一段127巷31~60號,住,121.5542142,25.035269
臺北市萬華區萬大路423巷32弄1~30號,住,121.5006447,25.0327132
臺北市內湖區文德路66巷14弄1~30號,住,121.5804615,25.0785252
臺北市內湖區民權東路六段180巷91~120號,住,121.5881411,25.0693177
臺北市內湖區民權東路六段180巷91~120號,住,121.5881411,25.0693177
臺北市內湖區民權東路六段180巷91~120號,住,121.5881411,25.0693177
臺北市內湖區民權東路六段180巷91~120號,住,121.5881411,25.0693177
臺北市內湖區民權東路六段180巷91~120號,住,121.5881411,25.0693177
臺北市內湖區民權東路六段180巷91~120號,住,121.5881411,25.0693177
臺北市內湖區民權東路六段180巷91~120號,住,121.5881411,25.0693177
臺北市內湖區民權東路六段180巷61~90號,住,121.5874954,25.0692642
臺北市內湖區民權東路六段180巷61~90號,住,121.5874954,25.0692642
臺北市內湖區民權東路六段180巷61~90號,住,121.5874954,25.0692642
臺北市內湖區民權東路六段180巷61~90號,住,121.5874954,25.0692642
臺北市內湖區民權東路六段180巷61~90號,住,121.5874954,25.0692642
臺北市內湖區民權東路六段180巷61~90號,住,121.5874954,25.0692642
臺北市內湖區民權東路六段180巷61~90號,住,121.5874954,25.0692642
臺北市內湖區民權東路六段180巷61~90號,住,121.5874954,25.0692642
臺北市內湖區民權東路六段180巷61~90號,住,121.5874954,25.0692642
臺北市內湖區民權東路六段180巷61~90號,住,121.5874954,25.0692642
臺北市中正區杭州南路一段14巷1~30號,住,121.5254352,25.0397211
臺北市中正區杭州南路一段14巷1~30號,住,121.5254352,25.0397211
臺北市中正區中華路一段1~30號,商,121.5106925,25.0475499
臺北市中正區中華路一段1~30號,商,121.5106925,25.0475499
臺北市萬華區西園路二段50巷4弄1~30號,其他,121.4981473,25.0329447
臺北市萬華區環河南路二段250巷31~60號,住,121.489887,25.034071
臺北市文山區下崙路11巷1~30號,住,121.56026,24.986362
臺北市中正區牯嶺街61~90號,商,121.5169707,25.0295585
臺北市文山區興隆路四段29巷2弄1~30號,住,121.559892,24.990647
臺北市文山區景興路153巷1~30號,住,121.544995,24.993781
臺北市中正區羅斯福路二段61~90號,商,121.5224894,25.0268366
臺北市中正區中華路二段75巷1~30號,住,121.5067247,25.0347396
臺北市文山區育英街57巷1~30號,住,121.5383302,24.9918629
臺北市信義區祥雲街1~30號,住,121.574216,25.0193479
臺北市南港區合順街8巷7弄31~60號,住,121.619865,25.042145
臺北市松山區南京東路五段91~120號,商,121.5601849,25.0516995
臺北市北投區北投路一段61~90號,住,121.5003393,25.1282193
臺北市北投區中央北路三段258巷1弄1~30號,住,121.4853402,25.1390481
臺北市士林區中山北路七段114巷61~90號,住,121.5311162,25.1207062
臺北市士林區福林路329巷2弄1~30號,住,121.5326322,25.0965579
臺北市北投區三合街一段79巷31~60號,住,121.505345,25.1269474
臺北市北投區三合街一段79巷31~60號,住,121.505345,25.1269474
臺北市大安區新生南路一段103巷1~30號,住,121.533227,25.044019
臺北市大安區建國南路一段286巷31~60號,住,121.535933,25.0361423
臺北市大安區和平東路一段248巷1~30號,住,121.529414,25.0267169
臺北市士林區忠誠路一段151~180號,住,121.5300736,25.1066166
臺北市士林區福林路251巷1~30號,住,121.5326322,25.0965579
臺北市士林區福林路251巷1~30號,住,121.5326322,25.0965579
臺北市士林區福林路251巷1~30號,住,121.5326322,25.0965579
臺北市北投區公館路209巷1~30號,住,121.509381,25.127496
臺北市南港區昆陽街121~150號,住,121.5938789,25.0507408
臺北市信義區吳興街284巷39弄1~30號,住,121.563793,25.02269
臺北市南港區經貿一路31~60號,住,121.6178167,25.0611977
臺北市信義區松德路121~150號,住,121.5756292,25.037723
臺北市松山區南京東路五段59巷27弄1~30號,住,121.5573674,25.0518185
臺北市松山區八德路三段12巷5弄1~30號,住,121.5518457,25.0474623
臺北市松山區民生東路三段113巷1~30號,住,121.5461147,25.0597857
臺北市內湖區內湖路一段387巷1~30號,住,121.5590572,25.0853212
臺北市內湖區內湖路一段387巷1~30號,住,121.5590572,25.0853212
臺北市內湖區內湖路一段285巷67弄1~30號,住,121.5669506,25.0847207
臺北市中正區晉江街112巷2弄1~30號,住,121.5246705,25.0222107
臺北市文山區辛亥路五段61~90號,住,121.5535335,24.9984324
臺北市文山區辛亥路四段21巷31~60號,住,121.5597019,25.0096414
臺北市文山區羅斯福路六段271~300號,商,121.541405,24.9947989
臺北市文山區興隆路三段112巷2弄1~30號,住,121.5570396,24.998879
臺北市文山區保儀路61~90號,商,121.568693,24.9871959
臺北市文山區木柵路三段25巷1~30號,住,121.565119,24.988707
臺北市文山區興隆路三段207巷12弄1~30號,住,121.561444,24.9947629
臺北市文山區景興路241~270號,商,121.543507,24.990783
臺北市大同區承德路二段31~60號,商,121.5180722,25.0538938
臺北市萬華區國興路1~30號,住,121.5085158,25.0236573
臺北市大同區承德路三段8巷1~30號,住,121.518582,25.0633359
臺北市文山區車前路1~30號,商,121.541157,24.991249
臺北市萬華區萬大路423巷31~60號,住,121.500115,25.0212753
臺北市萬華區成都路151~180號,商,121.503109,25.043561
臺北市大同區承德路三段241~270號,商,121.518774,25.071054
臺北市內湖區星雲街168巷31~60號,住,121.5970285,25.079958
臺北市中山區建國北路一段33巷31~60號,商,121.5393044,25.0478401
臺北市內湖區民權東路六段421~450號,住,121.604072,25.0711048
臺北市內湖區內湖路三段72巷61~90號,住,121.5910689,25.0883085
臺北市內湖區成功路四段61~90號,商,121.5925231,25.0819946
臺北市內湖區文湖街21巷61~90號,住,121.5628887,25.0868247
臺北市中山區樂群二路116巷31~60號,住,121.5542772,25.078135
臺北市內湖區星雲街33巷1~30號,住,121.5912862,25.079228
臺北市中山區林森北路271~300號,商,121.5256069,25.0551668
臺北市中山區吉林路361~390號,住,121.5303619,25.0648696
臺北市中山區德惠街31~60號,商,121.5265779,25.0667386
臺北市內湖區東湖路7巷1~30號,商,121.6126784,25.069316
臺北市內湖區內湖路一段661~690號,其他,121.575526,25.0802328
臺北市中山區撫順街41巷1~30號,商,121.5194147,25.0636307
臺北市大安區大安路一段84巷1~30號,商,121.5462231,25.0396433
臺北市文山區萬美街二段61~90號,住,121.5634967,25.0044921
臺北市大同區環河北路二段151~180號,住,121.5091282,25.0673556
臺北市萬華區德昌街1~30號,住,121.5000983,25.0253684
臺北市大安區敦化南路二段81巷31~60號,其他,121.5501083,25.0300712
臺北市中山區民權東路三段60巷3弄1~30號,住,121.542564,25.061502
臺北市中山區建國北路二段181~210號,住,121.5372356,25.0616565
臺北市中山區長安東路一段56巷7弄1~30號,商,121.5298691,25.0469325
臺北市中山區長安東路一段56巷7弄1~30號,商,121.5298691,25.0469325
臺北市內湖區康寧路一段156巷32弄1~30號,住,121.5936851,25.077568
臺北市大安區信義路四段241~270號,商,121.5535568,25.0334328
臺北市大安區瑞安街208巷11弄1~30號,住,121.5406953,25.0286424
臺北市大安區永康街41巷1~30號,住,121.529673,25.030493
臺北市大安區忠孝東路四段223巷1~30號,住,121.5440557,25.0418391
臺北市萬華區臺北市萬華區萬大路423巷31~60號,住,121.501106,25.023741
臺北市萬華區臺北市萬華區萬大路423巷31~60號,住,121.501106,25.023741
臺北市中正區莒光路91~120號,住,121.5049198,25.0311735
臺北市文山區久康街24巷1~30號,住,121.5655223,24.9891734
臺北市大安區忠孝東路三段151~180號,住,121.5382689,25.0417641
臺北市士林區天母西路31~60號,商,121.5277566,25.1185796
臺北市士林區福林路255巷1~30號,住,121.5326322,25.0965579
臺北市士林區中正路691~720號,住,121.507358,25.085334
臺北市北投區行義路130巷1~30號,住,121.5258133,25.1240896
臺北市大同區昌吉街99巷1~30號,住,121.5178661,25.0659212
臺北市大同區昌吉街99巷1~30號,住,121.5178661,25.0659212
臺北市大同區昌吉街99巷1~30號,住,121.5178661,25.0659212
臺北市大同區昌吉街99巷1~30號,住,121.5178661,25.0659212
臺北市大同區昌吉街99巷1~30號,住,121.5178661,25.0659212
臺北市萬華區萬大路571~600號,住,121.495949,25.0175459
臺北市內湖區內湖路二段331~360號,住,121.591515,25.083277
臺北市內湖區星雲街68巷1~30號,住,121.5923507,25.0787519
臺北市中正區杭州南路一段71巷1~30號,住,121.5261387,25.0397176
臺北市中山區新生北路二段68巷1~30號,商,121.527974,25.061014
臺北市內湖區康寧路三段56巷151~180號,住,121.611623,25.0705729
臺北市萬華區西藏路121~150號,住,121.502601,25.029536
臺北市萬華區寶興街65巷1~30號,,121.494341,25.026734
臺北市中正區中華路一段95巷1~30號,商,121.5106925,25.0475499
臺北市萬華區環河南路二段151~180號,其他,121.4930436,25.0336123
臺北市文山區木新路三段45巷7弄1~30號,住,121.5644006,24.9821797
臺北市文山區木柵路三段25巷1~30號,住,121.565119,24.988707
臺北市文山區景華街128巷31~60號,住,121.5480433,24.9950189
臺北市文山區福興路106巷1~30號,住,121.5517411,25.0021429
臺北市文山區木柵路二段31~60號,商,121.559671,24.988851
臺北市文山區萬壽路61~90號,住,121.5792964,24.9892112
臺北市內湖區金湖路331~360號,住,121.60359,25.07352
臺北市中山區新生北路二段68巷1~30號,商,121.527974,25.061014
臺北市中山區新生北路二段68巷1~30號,商,121.527974,25.061014
臺北市中山區植福路286巷31~60號,其他,121.5594339,25.0815795
臺北市中山區北安路821巷2弄1~30號,住,121.5562817,25.0852895
臺北市信義區光復南路421巷1~30號,住,121.5579595,25.0362393
臺北市松山區三民路121~150號,住,121.5633312,25.061144
臺北市信義區吳興街600巷100弄1~30號,住,121.572835,25.017653
臺北市信義區紫雲街61~90號,住,121.575921,25.015949
臺北市信義區永吉路181~210號,商,121.571964,25.045853
臺北市士林區中山北路六段405巷31~60號,住,121.5248822,25.1034301
臺北市士林區士林區華齡街1~30號,住,121.5194066,25.082958
臺北市北投區致遠一路二段86巷1~30號,住,121.5133492,25.1128916
臺北市北投區天母西路120巷1~30號,商,121.5228358,25.1187308
臺北市北投區行義路23巷1~30號,住,121.5258133,25.1240896
臺北市北投區文林北路271~300號,住,121.5122836,25.1095183
臺北市北投區行義路186巷31~60號,住,121.5296724,25.1330693
臺北市士林區中山北路七段219巷1~30號,住,121.533632,25.128841
臺北市士林區中山北路六段290巷7弄31~60號,住,121.5274408,25.1098714
臺北市北投區承德路七段151~180號,住,121.5082477,25.1132448
臺北市北投區承德路七段151~180號,住,121.5082477,25.1132448
臺北市大安區新生南路一段97巷1~30號,住,121.5340794,25.0412648
臺北市大安區瑞安街135巷1~30號,住,121.5409867,25.026976
臺北市北投區中央南路二段34巷1~30號,工,121.49997,25.1248152
臺北市大安區八德路二段1~30號,住,121.5332133,25.0445306
臺北市大安區仁愛路四段301~330號,其他,121.5540704,25.0375597
臺北市北投區三合街一段79巷1~30號,住,121.5050294,25.1269006
臺北市士林區通河街1巷1~30號,住,121.5168186,25.087772
臺北市北投區振華街1~30號,住,121.5198047,25.1155013
臺北市士林區重慶北路四段49巷1~30號,住,121.51324,25.080023
臺北市士林區社中街156巷24弄1~30號,住,121.5097748,25.0912664
臺北市北投區文林北路1~30號,住,121.518852,25.104822
臺北市士林區中山北路七段14巷5弄1~30號,商,121.531257,25.11921
臺北市士林區幸福街5巷31~60號,住,121.5280071,25.097448
臺北市北投區公?路211~240號,住,121.5611263,25.1259386
臺北市南港區研究院路二段98巷1~30號,住,121.6157488,25.0443808
臺北市松山區南京東路四段151~180號,商,121.5556829,25.0518383
臺北市信義區松德路25巷1~30號,住,121.577482,25.038967
臺北市松山區新中街2巷1~30號,住,121.5608177,25.0570334
臺北市松山區南京東路四段61~90號,商,121.5527784,25.0519222
臺北市信義區忠孝東路五段790巷62弄1~30號,住,121.581918,25.043939
臺北市信義區忠孝東路五段781~810號,住,121.5814061,25.0438469
臺北市松山區敦化北路222巷18弄1~30號,住,121.550231,25.048607
臺北市中山區新生北路二段68巷1~30號,商,121.527974,25.061014
臺北市南港區重陽路57巷61~90號,住,121.5970315,25.0559231
臺北市文山區下崙路1~30號,住,121.559849,24.986422
臺北市中正區中華路二段481~510號,住,121.511584,25.024479
臺北市文山區忠順街二段85巷1~30號,住,121.5655749,24.9855329
臺北市文山區秀明路一段181~210號,住,121.568077,24.991635
臺北市文山區興隆路四段105巷31~60號,住,121.562481,24.98794
臺北市大同區延平北路三段66巷1~30號,住,121.5106823,25.0654893
臺北市萬華區萬大路186巷2弄1~30號,住,121.5001093,25.0279158
臺北市大同區寧夏路121~150號,商,121.5146484,25.0603444
臺北市文山區辛亥路四段252巷2弄1~30號,住,121.5543842,25.0014089
臺北市萬華區長泰街241~270號,住,121.4946658,25.0214346
臺北市萬華區西寧南路301~330號,商,121.5065114,25.0383252
臺北市萬華區西寧南路301~330號,商,121.5065114,25.0383252
臺北市萬華區西寧南路301~330號,商,121.5065114,25.0383252
臺北市萬華區西寧南路301~330號,商,121.5065114,25.0383252
臺北市萬華區西寧南路301~330號,商,121.5065114,25.0383252
臺北市中山區林森北路107巷1~30號,商,121.5252526,25.0503287
臺北市內湖區民權東路六段451~480號,住,121.6045104,25.0719475
臺北市內湖區康樂街136巷15弄1~30號,住,121.61868,25.072009
臺北市中山區林森北路271~300號,商,121.5256069,25.0551668
臺北市中山區四平街1~30號,住,121.5310851,25.0537414
臺北市中山區中山北路二段27巷1~30號,商,121.522842,25.0524875
臺北市內湖區東湖路113巷95弄31~60號,住,121.6149774,25.0715905
臺北市中山區林森北路91~120號,商,121.524963,25.0500078
臺北市中山區錦州街91~120號,商,121.5283736,25.0602074
臺北市中山區八德路二段61~90號,住,121.5348345,25.0452175
臺北市中山區建國北路二段258巷1~30號,住,121.5364888,25.0619183
臺北市內湖區金龍路47巷13弄1~30號,住,121.5938382,25.0855132
臺北市中山區長春路151~180號,商,121.5331665,25.0548153
臺北市內湖區行善路271~300號,其他,121.584056,25.0617354
臺北市中山區林森北路121~150號,商,121.5251558,25.0508214
臺北市中山區合江街102巷1~30號,住,121.5389587,25.058855
臺北市內湖區文湖街21巷91~120號,住,121.5596763,25.0906546
臺北市萬華區西寧南路301~330號,商,121.5065114,25.0383252
臺北市萬華區西寧南路301~330號,商,121.5065114,25.0383252
臺北市萬華區西寧南路301~330號,商,121.5065114,25.0383252
臺北市萬華區西寧南路301~330號,商,121.5065114,25.0383252
臺北市萬華區西寧南路301~330號,商,121.5065114,25.0383252
臺北市大安區和平東路二段18巷1~30號,住,121.5360468,25.0232552
臺北市大安區敦化南路二段63巷54弄1~30號,住,121.5517061,25.0305982
臺北市士林區葫東街10巷1~30號,住,121.5107355,25.0833615
臺北市北投區明德路289巷1~30號,住,121.5168576,25.106544
臺北市北投區榮華一路1~30號,住,121.524627,25.1132037
臺北市士林區福港街160巷1~30號,住,121.5175379,25.0871201
臺北市文山區景明街14巷1~30號,住,121.5411407,25.0019413
臺北市文山區景明街14巷1~30號,住,121.5411407,25.0019413
臺北市文山區指南路三段32巷1~30號,住,121.57879,24.9833249
臺北市文山區保儀路61~90號,商,121.568693,24.9871959
臺北市萬華區梧州街1~30號,商,121.497762,25.038217
臺北市大安區建國南路二段25巷1~30號,住,121.5381899,25.0332284
臺北市大安區延吉街121~150號,住,121.5542224,25.042733
臺北市大安區復興南路一段107巷5弄1~30號,住,121.5444485,25.0437322
臺北市大安區信義路二段86巷1~30號,住,121.5246232,25.0338207
臺北市大安區復興南路一段107巷5弄1~30號,住,121.5444485,25.0437322
臺北市內湖區康寧路三段99巷39弄1~30號,住,121.6105902,25.0730078
臺北市南港區興中路28巷1~30號,商,121.6070215,25.0555655
臺北市南港區經貿二路157巷36弄61~90號,住,121.6156424,25.0611832
臺北市南港區經貿二路157巷31~60號,住,121.6169839,25.0561694
臺北市信義區虎林街46巷1~30號,住,121.5765989,25.047126
臺北市中山區龍江路1~30號,商,121.540523,25.0470691
臺北市中山區農安街31~60號,商,121.5248968,25.0650101
臺北市大同區迪化街二段271~300號,住,121.5127551,25.0724695
臺北市大安區安和路二段181~210號,住,121.5498202,25.0275247
臺北市大安區忠孝東路三段211~240號,住,121.5395191,25.041912
臺北市大安區敦化南路二段146巷1~30號,其他,121.5492181,25.0330358
臺北市文山區木柵路二段161巷1~30號,住,121.5628528,24.9892537
臺北市大安區市民大道四段91~120號,住,121.5484609,25.0448196
臺北市大安區溫州街68巷1~30號,住,121.5322448,25.0200189
臺北市北投區新民路1巷1~30號,住,121.507652,25.139891
臺北市大安區安居街118巷1~30號,住,121.5520682,25.0186333
臺北市北投區中和街493巷1~30號,住,121.4947836,25.1442476
臺北市北投區大興街9巷31~60號,住,121.4972591,25.1307432
臺北市內湖區陽光街92巷24弄1~30號,住,121.5853429,25.0761141
臺北市中山區明水路581巷1~30號,住,121.550966,25.080141
臺北市中山區敬業三路162巷91~120號,住,121.55907,25.079015
臺北市中山區長安東路一段56巷1弄1~30號,商,121.522081,25.049818
臺北市內湖區新富街31~60號,住,121.5831781,25.0591996
臺北市中山區長安東路二段31~60號,商,121.5311785,25.048623
臺北市萬華區內江街31~60號,商,121.503813,25.0417169
臺北市中正區臨沂街71巷1~30號,住,121.5282419,25.035403
臺北市萬華區康定路151~180號,商,121.5019175,25.0385028
臺北市文山區保儀路61~90號,商,121.568693,24.9871959
臺北市文山區景興路153巷1~30號,住,121.544995,24.993781
臺北市文山區福興路106巷1~30號,住,121.5517411,25.0021429
臺北市文山區木柵路二段151~180號,住,121.5626431,24.9890841
臺北市中正區同安街28巷1~30號,住,121.5216273,25.0248403
臺北市文山區政大一街151~180號,住,121.5798887,24.9857897
臺北市內湖區東湖路113巷95弄151~180號,住,121.614794,25.0697549
臺北市中山區松江路391~420號,住,121.533545,25.065064
臺北市中山區松江路391~420號,住,121.533545,25.065064
臺北市內湖區康樂街72巷17弄31~60號,住,121.6174917,25.0705217
臺北市中山區德惠街31~60號,住,121.5265779,25.0667386
臺北市內湖區康樂街72巷17弄121~150號,住,121.6170615,25.071428
臺北市南港區八德路四段901~930號,商,121.5809924,25.0510333
臺北市信義區虎林街242巷1~30號,住,121.5776639,25.036451
臺北市松山區民生東路五段181~210號,商,121.5630527,25.0587166
臺北市松山區三民路107巷1~30號,住,121.5639254,25.0555564
臺北市松山區民權東路三段191巷61~90號,住,121.5432045,25.0625501
臺北市信義區吳興街512巷1~30號,住,121.559363,25.0319523
臺北市松山區民生東路五段69巷3弄1~30號,住,121.5571904,25.0587629
臺北市松山區市民大道六段91~120號,商,121.5763787,25.0494724
臺北市士林區永平街20巷1~30號,住,121.5054664,25.0902136
臺北市士林區華齡街22巷15弄1~30號,住,121.5203473,25.0833604
臺北市北投區自強街5巷116弄1~30號,住,121.5110734,25.1126196
臺北市北投區光明路241~270號,其他,121.5075182,25.1362776
臺北市北投區吉利街314巷1~30號,住,121.5111723,25.1175916
臺北市北投區泉源路31~60號,住,121.50415,25.136727
臺北市北投區吉利街280巷31~60號,住,121.5052231,25.1183088
臺北市士林區通河街323巷1~30號,住,121.5168186,25.087772
臺北市北投區三合街一段79巷1~30號,住,121.5050294,25.1269006
臺北市信義區基隆路一段1~30號,商,121.568998,25.048245
臺北市大安區安和路二段151~180號,住,121.5505008,25.0284574
臺北市大安區忠孝東路四段211~240號,商,121.5520887,25.0416923
臺北市萬華區三水街115巷1~30號,,121.5048804,25.0342719
臺北市萬華區環河南路二段151~180號,其他,121.4930436,25.0336123
臺北市文山區木新路三段45巷7弄1~30號,住,121.5644006,24.9821797
臺北市文山區木柵路三段25巷1~30號,住,121.565119,24.988707
臺北市文山區景華街128巷31~60號,住,121.5480433,24.9950189
臺北市文山區福興路106巷1~30號,住,121.5517411,25.0021429
臺北市文山區木柵路二段31~60號,商,121.559671,24.988851
臺北市文山區萬壽路61~90號,住,121.5792964,24.9892112
臺北市內湖區星雲街68巷1~30號,住,121.5923507,25.0787519
臺北市內湖區內湖路二段331~360號,住,121.591515,25.083277
臺北市大同區昌吉街99巷1~30號,住,121.5178661,25.0659212
臺北市大同區昌吉街99巷1~30號,住,121.5178661,25.0659212
臺北市萬華區萬大路571~600號,住,121.495949,25.0175459
臺北市中山區新生北路二段68巷1~30號,商,121.527974,25.061014
臺北市萬華區西藏路121~150號,住,121.502601,25.029536
臺北市中正區中華路一段95巷1~30號,商,121.5106925,25.0475499
臺北市萬華區寶興街65巷1~30號,,121.494341,25.026734
臺北市中正區杭州南路一段71巷1~30號,住,121.5261387,25.0397176
臺北市大同區昌吉街99巷1~30號,住,121.5178661,25.0659212
臺北市大同區昌吉街99巷1~30號,住,121.5178661,25.0659212
臺北市大同區昌吉街99巷1~30號,住,121.5178661,25.0659212
臺北市內湖區康寧路三段56巷151~180號,住,121.611623,25.0705729
臺北市內湖區金湖路331~360號,住,121.60359,25.07352
臺北市中山區新生北路二段68巷1~30號,商,121.527974,25.061014
臺北市中山區新生北路二段68巷1~30號,商,121.527974,25.061014
臺北市中山區植福路286巷31~60號,其他,121.5594339,25.0815795
臺北市中山區北安路821巷2弄1~30號,住,121.5562817,25.0852895
臺北市信義區光復南路421巷1~30號,住,121.5579595,25.0362393
臺北市信義區吳興街600巷100弄1~30號,住,121.572835,25.017653
臺北市松山區三民路121~150號,住,121.5633312,25.061144
臺北市信義區永吉路181~210號,商,121.571964,25.045853
臺北市信義區紫雲街61~90號,住,121.575921,25.015949
臺北市北投區天母西路120巷1~30號,商,121.5228358,25.1187308
臺北市北投區行義路23巷1~30號,住,121.5258133,25.1240896
臺北市北投區文林北路271~300號,住,121.5122836,25.1095183
臺北市北投區行義路186巷31~60號,住,121.5296724,25.1330693
臺北市士林區中山北路七段219巷1~30號,住,121.533632,25.128841
臺北市北投區致遠一路二段86巷1~30號,住,121.5133492,25.1128916
臺北市士林區中山北路六段405巷31~60號,住,121.5248822,25.1034301
臺北市士林區中山北路六段290巷7弄31~60號,住,121.5274408,25.1098714
臺北市大安區新生南路一段97巷1~30號,住,121.5340794,25.0412648
臺北市大安區瑞安街135巷1~30號,住,121.5409867,25.026976
臺北市大安區永康街41巷1~30號,住,121.529673,25.030493
臺北市大安區忠孝東路四段223巷1~30號,住,121.5440557,25.0418391
臺北市大安區瑞安街208巷11弄1~30號,住,121.5406953,25.0286424
臺北市大安區信義路四段241~270號,商,121.5535568,25.0334328
臺北市北投區承德路七段151~180號,住,121.5082477,25.1132448
臺北市北投區承德路七段151~180號,住,121.5082477,25.1132448
臺北市萬華區臺北市萬華區萬大路423巷31~60號,住,121.501106,25.023741
臺北市萬華區臺北市萬華區萬大路423巷31~60號,住,121.501106,25.023741
臺北市中正區莒光路91~120號,住,121.5049198,25.0311735
臺北市內湖區康寧路一段156巷32弄1~30號,住,121.5936851,25.077568
臺北市中山區長安東路一段56巷7弄1~30號,商,121.5298691,25.0469325
臺北市中山區長安東路一段56巷7弄1~30號,商,121.5298691,25.0469325
臺北市文山區久康街24巷1~30號,住,121.5655223,24.9891734
臺北市士林區福林路255巷1~30號,住,121.5326322,25.0965579
臺北市士林區中正路691~720號,住,121.507358,25.085334
臺北市北投區行義路130巷1~30號,住,121.5258133,25.1240896
臺北市士林區天母西路31~60號,商,121.5277566,25.1185796
臺北市大安區忠孝東路三段151~180號,住,121.5382689,25.0417641
臺北市大安區和平東路二段18巷1~30號,住,121.5360468,25.0232552
臺北市大安區敦化南路二段63巷54弄1~30號,住,121.5517061,25.0305982
臺北市南港區經貿二路157巷31~60號,住,121.6169839,25.0561694
臺北市南港區興中路28巷1~30號,商,121.6070215,25.0555655
臺北市南港區經貿二路157巷36弄61~90號,住,121.6156424,25.0611832
臺北市北投區明德路289巷1~30號,住,121.5168576,25.106544
臺北市北投區榮華一路1~30號,住,121.524627,25.1132037
臺北市士林區福港街160巷1~30號,住,121.5175379,25.0871201
臺北市士林區葫東街10巷1~30號,住,121.5107355,25.0833615
臺北市文山區景明街14巷1~30號,住,121.5411407,25.0019413
臺北市文山區保儀路61~90號,商,121.568693,24.9871959
臺北市文山區景明街14巷1~30號,住,121.5411407,25.0019413
臺北市內湖區康寧路三段99巷39弄1~30號,住,121.6105902,25.0730078
臺北市萬華區梧州街1~30號,商,121.497762,25.038217
臺北市文山區指南路三段32巷1~30號,住,121.57879,24.9833249
臺北市大安區復興南路一段107巷5弄1~30號,住,121.5444485,25.0437322
臺北市大安區建國南路二段25巷1~30號,住,121.5381899,25.0332284
臺北市大安區延吉街121~150號,住,121.5542224,25.042733
臺北市大安區復興南路一段107巷5弄1~30號,住,121.5444485,25.0437322
臺北市大安區信義路二段86巷1~30號,住,121.5246232,25.0338207
臺北市大安區仁愛路四段301~330號,其他,121.5540704,25.0375597
臺北市大安區八德路二段1~30號,住,121.5332133,25.0445306
臺北市士林區幸福街5巷31~60號,住,121.5280071,25.097448
臺北市北投區三合街一段79巷1~30號,住,121.5050294,25.1269006
臺北市北投區振華街1~30號,住,121.5198047,25.1155013
臺北市士林區重慶北路四段49巷1~30號,住,121.51324,25.080023
臺北市士林區社中街156巷24弄1~30號,住,121.5097748,25.0912664
臺北市北投區文林北路1~30號,住,121.518852,25.104822
臺北市北投區公?路211~240號,住,121.5611263,25.1259386
臺北市士林區中山北路七段14巷5弄1~30號,商,121.531257,25.11921
臺北市南港區研究院路二段98巷1~30號,住,121.6157488,25.0443808
臺北市信義區忠孝東路五段790巷62弄1~30號,住,121.581918,25.043939
臺北市松山區新中街2巷1~30號,住,121.5608177,25.0570334
臺北市松山區南京東路四段61~90號,商,121.5527784,25.0519222
臺北市松山區敦化北路222巷18弄1~30號,住,121.550231,25.048607
臺北市南港區重陽路57巷61~90號,住,121.5970315,25.0559231
臺北市信義區忠孝東路五段781~810號,住,121.5814061,25.0438469
臺北市信義區松德路25巷1~30號,住,121.577482,25.038967
臺北市松山區南京東路四段151~180號,商,121.5556829,25.0518383
臺北市中山區新生北路二段68巷1~30號,商,121.527974,25.061014
臺北市中山區林森北路107巷1~30號,商,121.5252526,25.0503287
臺北市中山區錦州街91~120號,商,121.5283736,25.0602074
臺北市內湖區東湖路113巷95弄31~60號,住,121.6149774,25.0715905
臺北市內湖區民權東路六段451~480號,住,121.6045104,25.0719475
臺北市內湖區康樂街136巷15弄1~30號,住,121.61868,25.072009
臺北市萬華區萬大路186巷2弄1~30號,住,121.5001093,25.0279158
臺北市萬華區西寧南路301~330號,商,121.5065114,25.0383252
臺北市萬華區西寧南路301~330號,商,121.5065114,25.0383252
臺北市萬華區西寧南路301~330號,商,121.5065114,25.0383252
臺北市萬華區西寧南路301~330號,商,121.5065114,25.0383252
臺北市萬華區西寧南路301~330號,商,121.5065114,25.0383252
臺北市萬華區長泰街241~270號,住,121.4946658,25.0214346
臺北市中山區林森北路91~120號,商,121.524963,25.0500078
臺北市中山區八德路二段61~90號,住,121.5348345,25.0452175
臺北市中山區建國北路二段258巷1~30號,住,121.5364888,25.0619183
臺北市內湖區金龍路47巷13弄1~30號,住,121.5938382,25.0855132
臺北市中山區林森北路271~300號,商,121.5256069,25.0551668
臺北市中山區四平街1~30號,住,121.5310851,25.0537414
臺北市中山區中山北路二段27巷1~30號,商,121.522842,25.0524875
臺北市內湖區行善路271~300號,其他,121.584056,25.0617354
臺北市中山區林森北路121~150號,商,121.5251558,25.0508214
臺北市中山區合江街102巷1~30號,住,121.5389587,25.058855
臺北市內湖區文湖街21巷91~120號,住,121.5596763,25.0906546
臺北市中山區長春路151~180號,商,121.5331665,25.0548153
臺北市萬華區西寧南路301~330號,商,121.5065114,25.0383252
臺北市萬華區西寧南路301~330號,商,121.5065114,25.0383252
臺北市萬華區西寧南路301~330號,商,121.5065114,25.0383252
臺北市萬華區西寧南路301~330號,商,121.5065114,25.0383252
臺北市萬華區西寧南路301~330號,商,121.5065114,25.0383252
臺北市文山區下崙路1~30號,住,121.559849,24.986422
臺北市中正區中華路二段481~510號,住,121.511584,25.024479
臺北市文山區忠順街二段85巷1~30號,住,121.5655749,24.9855329
臺北市文山區秀明路一段181~210號,住,121.568077,24.991635
臺北市文山區興隆路四段105巷31~60號,住,121.562481,24.98794
臺北市大同區延平北路三段66巷1~30號,住,121.5106823,25.0654893
臺北市大同區寧夏路121~150號,商,121.5146484,25.0603444
臺北市文山區辛亥路四段252巷2弄1~30號,住,121.5543842,25.0014089
臺北市中正區臨沂街71巷1~30號,住,121.5282419,25.035403
臺北市文山區保儀路61~90號,商,121.568693,24.9871959
臺北市文山區景興路153巷1~30號,住,121.544995,24.993781
臺北市文山區福興路106巷1~30號,住,121.5517411,25.0021429
臺北市文山區木柵路二段151~180號,住,121.5626431,24.9890841
臺北市中正區同安街28巷1~30號,住,121.5216273,25.0248403
臺北市文山區政大一街151~180號,住,121.5798887,24.9857897
臺北市中山區明水路581巷1~30號,住,121.550966,25.080141
臺北市中山區敬業三路162巷91~120號,住,121.55907,25.079015
臺北市內湖區陽光街92巷24弄1~30號,住,121.5853429,25.0761141
臺北市萬華區康定路151~180號,商,121.5019175,25.0385028
臺北市萬華區內江街31~60號,商,121.503813,25.0417169
臺北市內湖區新富街31~60號,住,121.5831781,25.0591996
臺北市中山區長安東路二段31~60號,商,121.5311785,25.048623
臺北市中山區長安東路一段56巷1弄1~30號,商,121.522081,25.049818
臺北市中山區松江路391~420號,住,121.533545,25.065064
臺北市中山區松江路391~420號,住,121.533545,25.065064
臺北市內湖區康樂街72巷17弄31~60號,住,121.6174917,25.0705217
臺北市內湖區東湖路113巷95弄151~180號,住,121.614794,25.0697549
臺北市中山區德惠街31~60號,住,121.5265779,25.0667386
臺北市內湖區康樂街72巷17弄121~150號,住,121.6170615,25.071428
臺北市松山區三民路107巷1~30號,住,121.5639254,25.0555564
臺北市松山區民生東路五段181~210號,商,121.5630527,25.0587166
臺北市南港區八德路四段901~930號,商,121.5809924,25.0510333
臺北市信義區虎林街242巷1~30號,住,121.5776639,25.036451
臺北市信義區吳興街512巷1~30號,住,121.559363,25.0319523
臺北市松山區民生東路五段69巷3弄1~30號,住,121.5571904,25.0587629
臺北市松山區民權東路三段191巷61~90號,住,121.5432045,25.0625501
臺北市松山區市民大道六段91~120號,商,121.5763787,25.0494724
臺北市北投區光明路241~270號,其他,121.5075182,25.1362776
臺北市北投區吉利街314巷1~30號,住,121.5111723,25.1175916
臺北市北投區泉源路31~60號,住,121.50415,25.136727
臺北市北投區吉利街280巷31~60號,住,121.5052231,25.1183088
臺北市士林區永平街20巷1~30號,住,121.5054664,25.0902136
臺北市大安區安和路二段181~210號,住,121.5498202,25.0275247
臺北市大安區忠孝東路三段211~240號,住,121.5395191,25.041912
臺北市大安區敦化南路二段146巷1~30號,其他,121.5492181,25.0330358
臺北市大安區市民大道四段91~120號,住,121.5484609,25.0448196
臺北市北投區三合街一段79巷1~30號,住,121.5050294,25.1269006
臺北市文山區木柵路二段161巷1~30號,住,121.5628528,24.9892537
臺北市大同區迪化街二段284巷1~30號,住,121.5114333,25.0709908
臺北市大同區迪化街二段271~300號,住,121.5127551,25.0724695
臺北市中山區龍江路1~30號,商,121.540523,25.0470691
臺北市中山區農安街31~60號,商,121.5248968,25.0650101
臺北市大安區溫州街68巷1~30號,住,121.5322448,25.0200189
臺北市信義區虎林街46巷1~30號,住,121.5765989,25.047126
臺北市北投區新民路1巷1~30號,住,121.507652,25.139891
臺北市北投區大興街9巷31~60號,住,121.4972591,25.1307432
臺北市北投區中和街493巷1~30號,住,121.4947836,25.1442476
臺北市大安區安居街118巷1~30號,住,121.5520682,25.0186333
臺北市士林區社子街25巷3弄1~30號,住,121.507932,25.088269
臺北市士林區德行東路109巷91~120號,住,121.5285529,25.110648
臺北市士林區天玉街38巷1~30號,住,121.52905,25.1203179
臺北市南港區成福路171巷40弄1~30號,住,121.5893902,25.0411466
臺北市信義區基隆路二段39巷8弄1~30號,住,121.5589968,25.0309557
臺北市松山區南京東路五段251巷31~60號,住,121.5584054,25.0517805
臺北市中山區吉林路329巷1~30號,住,121.5305533,25.0670392
臺北市文山區辛亥路四段222巷19弄1~30號,住,121.554408,25.00242
臺北市中正區羅斯福路三段211~240號,商,121.5296381,25.0192081
臺北市內湖區大湖山莊街177巷1~30號,住,121.60148,25.088159
臺北市內湖區內湖路二段271~300號,住,121.590421,25.0822425
臺北市文山區興隆路四段29巷4弄1~30號,住,121.5598345,24.9907567
臺北市士林區忠誠路二段61~90號,住,121.5310485,25.1127456
臺北市士林區基河路1~30號,商,121.5250019,25.086308
臺北市北投區行義路192巷1~30號,住,121.5258133,25.1240896
臺北市北投區文化三路91~120號,住,121.4981957,25.140599
臺北市北投區文化三路91~120號,住,121.4981957,25.140599
臺北市大安區杭州南路二段9巷1~30號,住,121.5241816,25.0347679
臺北市大安區四維路14巷1~30號,商,121.5480517,25.0368902
臺北市北投區中央北路四段442巷4弄1~30號,住,121.4678015,25.1265373
臺北市士林區中正路187巷1~30號,商,121.5286439,25.096145
臺北市士林區忠義街121~150號,住,121.5327599,25.107733
臺北市北投區吉利街280巷33弄1~30號,住,121.5101549,25.1175286
臺北市北投區天母西路130巷1~30號,商,121.5224225,25.1188443
臺北市士林區德行東路211~240號,住,121.5325401,25.1092867
臺北市士林區莊頂路172巷34弄1~30號,其他,121.555925,25.1132845
臺北市士林區天玉街31~60號,住,121.5288354,25.1213909
臺北市北投區中山北路七段219巷3弄271~300號,住,121.5323757,25.1281062
臺北市松山區慶城街1~30號,住,121.544604,25.0528006
臺北市松山區光復南路32巷31~60號,住,121.5550146,25.0465084
臺北市信義區和平東路三段391巷31~60號,住,121.5586885,25.020418
臺北市南港區向陽路258巷1~30號,住,121.5928598,25.0580562
臺北市內湖區內湖路一段411巷61~90號,住,121.5601127,25.0848879
臺北市中山區長安東路二段151~180號,商,121.5412075,25.0482059
臺北市中山區新生北路二段68巷1~30號,商,121.527974,25.061014
臺北市內湖區港華街85巷31~60號,住,121.5748991,25.083872
臺北市中山區林森北路331~360號,商,121.525667,25.056386
臺北市內湖區民權東路六段180巷61~90號,住,121.5874954,25.0692642
臺北市中山區錦州街31~60號,商,121.5264588,25.0604257
臺北市萬華區開封街二段61~90號,商,121.505302,25.047079
臺北市大同區民族西路169巷31~60號,住,121.5154961,25.0696154
臺北市內湖區康寧路三段99巷17弄31~60號,住,121.6103305,25.072467
臺北市內湖區新豐街151~180號,住,121.5857154,25.0610518
臺北市內湖區民權東路六段206巷143弄31~60號,住,121.5790779,25.0671158
臺北市中山區復興北路391~420號,商,121.5444188,25.0617911
臺北市內湖區成功路四段61巷1~30號,住,121.5924621,25.0817312
臺北市文山區和平東路四段295巷61~90號,住,121.5731529,25.0017202
臺北市文山區福興路63巷1~30號,住,121.5499384,25.0034675
臺北市文山區木柵路一段59巷5弄1~30號,住,121.5425268,24.9884933
臺北市中正區和平西路二段16巷1~30號,住,121.5136406,25.0278432
臺北市文山區辛亥路四段77巷92弄1~30號,住,121.5599032,25.008969
臺北市文山區政大二街121~150號,住,121.5839007,24.98761
臺北市中正區牯嶺街61~90號,商,121.5169707,25.0295585
臺北市文山區木柵路三段48巷1弄1~30號,住,121.565453,24.987746
臺北市萬華區中華路一段181~210號,商,121.507221,25.0402329
臺北市萬華區康定路91~120號,商,121.5020696,25.0397957
臺北市萬華區康定路91~120號,商,121.5020696,25.0397957
臺北市萬華區康定路91~120號,商,121.5020696,25.0397957
臺北市萬華區康定路91~120號,商,121.5020696,25.0397957
臺北市萬華區康定路91~120號,商,121.5020696,25.0397957
臺北市萬華區康定路91~120號,商,121.5020696,25.0397957
臺北市萬華區康定路91~120號,商,121.5020696,25.0397957
臺北市萬華區康定路91~120號,商,121.5020696,25.0397957
臺北市萬華區康定路91~120號,商,121.5020696,25.0397957
臺北市中山區長春路1~30號,商,121.528445,25.0547507
臺北市中山區龍江路305巷1~30號,住,121.540523,25.0470691
臺北市大同區蘭州街31~60號,住,121.514619,25.062447
臺北市中正區仁愛路二段9巷1~30號,住,121.5263895,25.0387719
臺北市大同區迪化街一段301~330號,其他,121.5092996,25.0618561
臺北市大同區歸綏街151~180號,商,121.5144898,25.05836
臺北市中正區仁愛路二段15巷1~30號,住,121.5270181,25.0386076
臺北市大同區昌吉街99巷1~30號,住,121.5178661,25.0659212
臺北市內湖區江南街117巷8弄1~30號,住,121.5763018,25.0760989
臺北市中山區長春路91~120號,商,121.5288284,25.0548889
臺北市內湖區成功路四段167巷6弄1~30號,住,121.5948672,25.083316
臺北市中山區朱崙街31~60號,住,121.5409333,25.0500866
臺北市中山區朱崙街31~60號,住,121.5409333,25.0500866
臺北市松山區光復北路11巷31~60號,住,121.5587322,25.0498565
臺北市松山區民生東路五段69巷1弄1~30號,住,121.5581121,25.0590697
臺北市松山區八德路三段199巷1~30號,住,121.553928,25.047847
臺北市松山區民生東路五段181~210號,住,121.5630527,25.0587166
臺北市信義區基隆路一段331~360號,商,121.560874,25.035774
臺北市士林區社中街211~240號,住,121.5084484,25.0910009
臺北市北投區致遠一路一段10巷9弄1~30號,住,121.5176076,25.1081902
臺北市北投區行義路186巷26弄1~30號,住,121.529587,25.132035
臺北市大安區通化街176巷1~30號,住,121.5543639,25.0322925
臺北市大安區和平東路三段391~420號,住,121.559243,25.0179649
臺北市士林區天母東路22巷1~30號,商,121.5309663,25.1183583
臺北市萬華區西藏路241~270號,住,121.4942406,25.028534
臺北市中正區重慶南路三段61~90號,住,121.5163423,25.0267015
臺北市萬華區國興路1巷1~30號,住,121.508415,25.0236483
臺北市萬華區武成街80巷1~30號,住,121.494536,25.019563
臺北市中山區建國北路一段31~60號,商,121.536952,25.0475861
臺北市內湖區文湖街81巷1~30號,住,121.5639517,25.0866384
臺北市中山區松江路97巷1~30號,住,121.5329859,25.0456563
臺北市北投區自強街61巷1~30號,住,121.5138126,25.1106346
臺北市士林區延平北路六段258巷1~30號,住,121.5039933,25.0902311
臺北市大安區永康街61~90號,商,121.529757,25.02928
臺北市大安區建國南路一段258巷1~30號,住,121.5373351,25.0357847
臺北市大安區忠孝東路三段251巷3弄1~30號,住,121.5356358,25.0424339
臺北市大安區和平東路三段119巷31~60號,住,121.551219,25.0266048
臺北市大安區建國南路一段279巷1~30號,住,121.5373351,25.0357847
臺北市北投區中和街398巷5弄1~30號,住,121.4985805,25.1437996
臺北市大安區辛亥路二段171巷6弄1~30號,住,121.5409394,25.0220812
臺北市大安區師大路93巷1~30號,住,121.5286359,25.0230096
臺北市大安區杭州南路二段93巷1~30號,住,121.5241816,25.0347679
臺北市北投區翠宜路31~60號,住,121.504943,25.1432679
臺北市南港區經貿二路235巷31~60號,住,121.6169839,25.0561694
臺北市南港區經貿二路157巷36弄31~60號,住,121.6155726,25.0610722
臺北市南港區經貿二路235巷1~30號,住,121.61759,25.0560908
臺北市松山區新東街45巷1~30號,其他,121.5660878,25.0593209
臺北市大安區信義路四段335巷1~30號,住,121.5442987,25.0335555
臺北市大安區信義路四段335巷1~30號,住,121.5442987,25.0335555
臺北市中正區南昌路二段121~150號,商,121.5218873,25.0263163
臺北市文山區政大一街241~270號,住,121.5846655,24.9860587
臺北市內湖區文德路220巷31~60號,住,121.5809304,25.0786867
臺北市中山區明水路481~510號,住,121.551663,25.078069
臺北市內湖區安康路181~210號,住,121.6024651,25.063237
臺北市中正區金山南路一段30巷1~30號,住,121.5292903,25.0419411
臺北市大同區寧夏路151~180號,商,121.5143371,25.0612206
臺北市大同區承德路三段208巷1~30號,住,121.518582,25.0633359
臺北市北投區大興街1~30號,住,121.500394,25.1304101
臺北市士林區中山北路六段450巷6弄1~30號,住,121.5251309,25.1026064
臺北市北投區知行路260巷31~60號,住,121.4684432,25.1208938
臺北市士林區社中街156巷10弄1~30號,住,121.509831,25.090933
臺北市北投區泉源路31~60號,住,121.50415,25.136727
臺北市北投區自強街1~30號,,121.513573,25.1104942
臺北市士林區中山北路六段754巷1~30號,住,121.5251309,25.1026064
臺北市北投區石牌路二段301~330號,住,121.52279,25.121407
臺北市北投區復興三路61巷1~30號,住,121.5004467,25.1598185
臺北市南港區研究院路二段182巷58弄31~60號,住,121.613753,25.0361783
臺北市信義區林口街66巷1~30號,住,121.579541,25.0389089
臺北市松山區八德路三段12巷51弄1~30號,住,121.5507691,25.0462286
臺北市松山區八德路四段245巷32弄61~90號,住,121.5628026,25.0496988
臺北市南港區南港路二段212巷1弄1~30號,住,121.5989981,25.054015
臺北市松山區八德路二段410巷91~120號,住,121.5467188,25.0457955
臺北市南港區東明街31~60號,住,121.6046533,25.0561803
臺北市松山區南京東路五段66巷2弄1~30號,住,121.5604604,25.0508336
臺北市內湖區民權東路六段123巷34弄1~30號,商,121.5923436,25.0703943
臺北市中山區遼寧街31~60號,住,121.5422397,25.0480302
臺北市內湖區江南街65巷1~30號,住,121.5776652,25.0773343
臺北市內湖區江南街65巷1~30號,住,121.5776652,25.0773343
臺北市內湖區江南街65巷1~30號,住,121.5776652,25.0773343
臺北市內湖區江南街65巷1~30號,住,121.5776652,25.0773343
臺北市內湖區成功路三段151~180號,商,121.5899439,25.0796152
臺北市內湖區文湖街21巷112弄1~30號,住,121.5598732,25.0910776
臺北市內湖區康寧路三段189巷141弄1~30號,住,121.612213,25.0739332
臺北市內湖區江南街65巷1~30號,住,121.5776652,25.0773343
臺北市萬華區中華路二段416巷31~60號,住,121.504993,25.0271779
臺北市中正區中華路一段1~30號,商,121.5106925,25.0475499
臺北市文山區恆光街1~30號,住,121.5663225,24.9838435
臺北市文山區木柵路四段9巷1~30號,住,121.570569,24.992175
臺北市中正區羅斯福路三段128巷31~60號,住,121.526325,25.020418
臺北市中正區愛國東路31~60號,住,121.5181649,25.0342337
臺北市文山區木柵路四段121~150號,其他,121.573955,24.9976321
臺北市文山區政大二街211~240號,住,121.5866029,24.9886931
臺北市文山區萬芳路107巷1~30號,住,121.5625209,24.9966451
臺北市文山區木柵路二段1~30號,住,121.55889,24.98887
臺北市中正區汀州路二段91~120號,住,121.5180329,25.0253711
臺北市文山區羅斯福路四段206巷1~30號,商,121.5338507,25.0169587
臺北市文山區福興路106巷28弄1~30號,住,121.5498586,25.0063157
臺北市文山區福興路78巷20弄1~30號,住,121.5512038,25.0043756
臺北市中正區羅斯福路四段31~60號,商,121.5334424,25.0154612
臺北市文山區福興路78巷10弄1~30號,住,121.5505663,25.0043575
臺北市萬華區成都路61~90號,,121.5058363,25.0429189
臺北市萬華區成都路61~90號,,121.5058363,25.0429189
臺北市大同區民權西路245巷1~30號,住,121.510433,25.0633069
臺北市中山區林森北路271~300號,商,121.5256069,25.0551668
臺北市內湖區金龍路222巷1~30號,住,121.586429,25.0880211
臺北市中山區民族東路410巷23弄1~30號,商,121.538613,25.066899
臺北市中山區遼寧街101巷2弄1~30號,住,121.5425556,25.0504193
臺北市內湖區民權東路六段180巷61~90號,住,121.5874954,25.0692642
臺北市內湖區港華街85巷31~60號,住,121.5748991,25.083872
臺北市內湖區民權東路六段121~150號,商,121.5926773,25.0690935
臺北市中山區新生北路二段68巷1~30號,商,121.527974,25.061014
臺北市中山區新生北路二段68巷1~30號,商,121.527974,25.061014
臺北市中山區吉林路407巷1~30號,住,121.5305533,25.0670392
臺北市信義區光復南路541~570號,商,121.5575148,25.03171
臺北市信義區福德街221巷2弄1~30號,住,121.58496,25.0380538
臺北市內湖區成功路二段426巷31~60號,住,121.5885579,25.0707785
臺北市信義區吳興街506巷1~30號,住,121.559363,25.0319523
臺北市信義區光復南路541~570號,商,121.5575148,25.03171
臺北市松山區南京東路五段31~60號,其他,121.5584054,25.0517805
臺北市松山區八德路二段437巷6弄1~30號,住,121.546946,25.0491393
臺北市南港區園區街1~30號,住,121.6120912,25.0589059
臺北市信義區信義路五段121~150號,其他,121.5738977,25.0336571
臺北市松山區八德路三段155巷4弄1~30號,住,121.5552379,25.0486877
臺北市信義區松山路482巷1~30號,住,121.577428,25.047249
臺北市信義區吳興街284巷1~30號,住,121.559363,25.0319523
臺北市南港區東新街1~30號,工,121.5831313,25.0502123
臺北市北投區西安街一段211~240號,商,121.5178051,25.1107765
臺北市北投區懷德街91~120號,住,121.5196935,25.1144596
臺北市北投區永興路二段31~60號,住,121.5021373,25.1401083
臺北市北投區大興街9巷1~30號,住,121.4975801,25.1300784
臺北市士林區劍潭路61~90號,住,121.5216551,25.0835021
臺北市士林區忠誠路一段16巷1~30號,住,121.5262175,25.1049715
臺北市大安區和平東路三段1巷26弄1~30號,住,121.546758,25.024907
臺北市大安區光復南路661~690號,商,121.5571872,25.0300246
臺北市大安區和平東路三段228巷31~60號,住,121.5538242,25.0209683
臺北市北投區三合街一段79巷31~60號,住,121.505345,25.1269474
臺北市北投區三合街一段79巷1~30號,住,121.5050294,25.1269006
臺北市北投區三合街一段36巷1~30號,住,121.504675,25.12823
臺北市北投區中央北路四段583巷10弄1~30號,住,121.465901,25.12478
臺北市文山區景福街121~150號,住,121.5362552,24.9968887
臺北市內湖區東湖路113巷95弄31~60號,住,121.6149774,25.0715905
臺北市內湖區民權東路六段163巷19弄1~30號,住,121.5962159,25.0690856
臺北市大安區黎孝里19鄰富陽街91~120號,住,121.5565835,25.0194618
臺北市大安區仁愛路四段211~240號,其他,121.5514596,25.0376474
臺北市大安區安和路一段61~90號,住,121.551568,25.0375068
臺北市大安區信義路三段99巷31~60號,住,121.541365,25.033086
臺北市大安區和平東路二段76巷19弄1~30號,住,121.539685,25.0232649
臺北市信義區吳興街524巷31~60號,住,121.5599322,25.0314223
臺北市信義區忠孝東路五段423巷1~30號,住,121.581918,25.043939
臺北市松山區敦化北路50巷1~30號,其他,121.550231,25.048607
臺北市大安區瑞安街222巷1~30號,住,121.5396246,25.0277853
臺北市大安區和平東路二段90巷1~30號,商,121.5360468,25.0232552
臺北市士林區中山北路七段181~210號,住,121.5326265,25.1244677
臺北市松山區南京東路五段151~180號,其他,121.562161,25.051669
臺北市信義區忠孝東路五段423巷1~30號,住,121.581918,25.043939
臺北市文山區恆光街17巷31~60號,住,121.5670979,24.9842455
臺北市文山區羅斯福路五段150巷31~60號,住,121.538187,25.006195
臺北市文山區景豐街61~90號,住,121.5448599,25.0017066
臺北市北投區文化三路31~60號,住,121.4977186,25.1383498
臺北市士林區延平北路六段331~360號,住,121.5011395,25.0908423
臺北市北投區溫泉路121~150號,其他,121.5109317,25.1362956
臺北市士林區天母東路8巷31~60號,住,121.5317391,25.1167699
臺北市北投區知行路211~240號,住,121.4667483,25.1194081
臺北市信義區嘉興街151~180號,住,121.557346,25.0282404
臺北市松山區民權東路三段160巷1~30號,住,121.5481669,25.0614754
臺北市信義區松山路465巷1~30號,住,121.57847,25.0396959
臺北市松山區八德路四段245巷32弄61~90號,住,121.5628026,25.0496988
臺北市內湖區文德路101巷1~30號,住,121.5804615,25.0785252
臺北市中山區林森北路121~150號,商,121.5251558,25.0508214
臺北市內湖區大湖山莊街177巷1~30號,住,121.60148,25.088159
臺北市中山區遼寧街62巷1~30號,住,121.542209,25.047388
臺北市中山區撫順街1~30號,商,121.520902,25.0635339
臺北市中山區中山北路二段183巷1~30號,商,121.522842,25.0524875
臺北市內湖區內湖路三段331~360號,住,121.5851606,25.0889411
臺北市內湖區環山路二段25巷1~30號,商,121.571353,25.085953
臺北市中山區林森北路241~270號,商,121.5254722,25.0538966
臺北市內湖區東湖路113巷31~60號,住,121.615544,25.069855
臺北市大同區哈密街31~60號,住,121.5178317,25.0737175
臺北市大同區長安西路331~360號,商,121.5075507,25.0522903
臺北市萬華區桂林路244巷91~120號,住,121.5013547,25.0385213
臺北市萬華區桂林路121~150號,商,121.5003317,25.0385744
臺北市文山區木新路二段121~150號,住,121.569629,24.9841309
臺北市文山區木新路二段211~240號,住,121.5677407,24.983438
臺北市中正區羅斯福路三段91~120號,商,121.5269647,25.0214081
臺北市文山區辛亥路四段77巷91~120號,住,121.5603591,25.0092382
臺北市文山區指南路三段31~60號,住,121.580397,24.984647
臺北市文山區木柵路二段109巷25弄1~30號,住,121.5627475,24.9901074
臺北市中正區晉江街98巷1弄1~30號,住,121.5239615,25.022996
臺北市中正區和平西路二段16巷1~30號,住,121.5136406,25.0278432
臺北市中正區水源路31~60號,住,121.5242706,25.0182354
臺北市文山區溪口街55巷1弄1~30號,住,121.53961,24.9946059
臺北市文山區秀明路二段91~120號,住,121.5766057,24.9913522
臺北市文山區保儀路1~30號,商,121.566661,24.984185
臺北市文山區景明街1~30號,住,121.541581,25.001669
臺北市中正區連雲街26巷1~30號,住,121.5315971,25.0364832
臺北市萬華區漢口街二段1~30號,商,121.508613,25.045363
臺北市萬華區富民路91巷1~30號,住,121.4989524,25.0188254
臺北市萬華區西園路二段372巷101弄1~30號,住,121.490314,25.0269219
臺北市萬華區康定路31~60號,商,121.5028444,25.0439009
臺北市內湖區江南街65巷1~30號,住,121.5776652,25.0773343
臺北市中山區林森北路119巷1~30號,商,121.5252532,25.0508342
臺北市內湖區星雲街91~120號,住,121.5933571,25.0792362
臺北市中山區通北街132巷1~30號,住,121.5375632,25.0845685
臺北市中山區合江街17巷1~30號,住,121.5393106,25.0551933
臺北市中山區新生北路二段68巷1~30號,商,121.527974,25.061014
臺北市內湖區金湖路1~30號,住,121.5950595,25.0838795
臺北市南港區南深路23巷1~30號,住,121.6216709,25.0388588
臺北市松山區復興北路427巷1~30號,住,121.5446756,25.0634505
臺北市信義區忠孝東路五段751~780號,住,121.5810625,25.0429889
臺北市松山區南京東路三段256巷1~30號,住,121.5446445,25.0516938
臺北市松山區光復北路91~120號,商,121.5580138,25.0507034
臺北市松山區民生東路五段137巷1~30號,商,121.5556772,25.0585411
臺北市大安區忠孝東路三段181~210號,住,121.5385319,25.0417638
臺北市士林區至誠路二段92巷9弄1~30號,住,121.5276215,25.1021066
臺北市北投區幽雅路1~30號,其他,121.515444,25.137376
臺北市大同區寧夏路31~60號,商,121.5152508,25.0559681
臺北市中正區臨沂街71巷19弄1~30號,住,121.5294047,25.035382
臺北市中山區德惠街91~120號,住,121.528834,25.0667363
臺北市大安區浦城街4巷1~30號,住,121.5268397,25.0242864
臺北市大安區四維路192巷1~30號,住,121.5473494,25.0269948
臺北市大安區復興南路二段171巷1~30號,住,121.5443107,25.0292177
臺北市內湖區江南街65巷31~60號,住,121.5783767,25.0770326
臺北市大安區信義路二段86巷1~30號,住,121.5246232,25.0338207
臺北市大安區光復南路180巷31~60號,住,121.5560434,25.0422991
臺北市大安區羅斯福路二段91~120號,商,121.5240879,25.0252854
臺北市松山區八德路四段181巷17弄31~60號,住,121.56411,25.0496129
臺北市松山區光復南路58巷1~30號,住,121.5579899,25.0479181
臺北市松山區光復南路58巷1~30號,住,121.5579899,25.0479181
臺北市北投區行義路58巷22弄1~30號,住,121.5287421,25.1257509
臺北市大安區和平東路二段107巷11弄1~30號,商,121.5360468,25.0232552
臺北市大安區四維路192巷1~30號,住,121.5473494,25.0269948
臺北市大安區四維路192巷1~30號,住,121.5473494,25.0269948
臺北市大安區敦化南路一段161巷69弄1~30號,住,121.5495081,25.0435991
臺北市大安區大安路一段96巷1~30號,住,121.545759,25.0407239
臺北市文山區富山路1巷1~30號,住,121.553109,24.988531
臺北市中山區撫順街1~30號,商,121.520902,25.0635339
臺北市中正區杭州南路一段91~120號,其他,121.5254693,25.0389041
臺北市文山區久康街151~180號,住,121.567051,24.9905869
臺北市文山區景興路96巷1~30號,住,121.54449,24.9946589
臺北市北投區裕民二路31~60號,商,121.5171391,25.1157247
臺北市北投區公?路209巷1~30號,住,121.453269,25.1694558
臺北市士林區文林路661巷1~30號,住,121.5266131,25.0891932
臺北市士林區承德路四段292巷11弄1~30號,住,121.5193284,25.0891666
臺北市士林區中山北路六段405巷1~30號,住,121.5251309,25.1026064
臺北市北投區裕民六路114巷1~30號,住,121.5188686,25.1144289
臺北市士林區天玉街31~60號,住,121.5288354,25.1213909
臺北市士林區中正路104巷1弄1~30號,住,121.5295186,25.0968932
臺北市北投區溫泉路121~150號,其他,121.5109317,25.1362956
臺北市士林區德行東路211~240號,住,121.5325401,25.1092867
臺北市北投區行義路121~150號,住,121.5289329,25.1285336
臺北市大安區建國南路一段291巷1~30號,住,121.538454,25.0358099
臺北市南港區重陽路125巷36弄1~30號,住,121.610562,25.06035
臺北市士林區通河東街一段181~210號,住,121.5156649,25.0886749
臺北市北投區奇岩路201巷1~30號,住,121.507197,25.134659
臺北市士林區忠誠路二段21巷31~60號,住,121.5321165,25.1097679
臺北市北投區中央北路三段40巷34弄1~30號,住,121.4850091,25.1395359
臺北市北投區致遠二路95巷1~30號,住,121.5115181,25.1163565
臺北市北投區新民路1巷1~30號,住,121.507652,25.139891
臺北市北投區崇仁路一段91~120號,住,121.5016685,25.1257201
臺北市北投區中山路1~30號,其他,121.504888,25.137139
臺北市南港區經貿二路235巷31~60號,住,121.6169839,25.0561694
臺北市南港區南港路三段16巷3弄1~30號,工,121.5923169,25.0549246
臺北市南港區玉成街235巷23弄1~30號,住,121.5853996,25.043234
臺北市中山區民權東路二段71巷21弄1~30號,住,121.5280983,25.0628844
臺北市中山區民生東路二段61~90號,商,121.5296493,25.0581353
臺北市內湖區東湖路121~150號,住,121.6165404,25.0682585
臺北市中山區合江街144巷1~30號,住,121.538928,25.059914
臺北市中山區新生北路二段31~60號,商,121.527826,25.054072
臺北市中山區安東街16巷31~60號,住,121.5399634,25.0453417
臺北市內湖區成功路四段214巷3弄1~30號,住,121.595862,25.0850779
臺北市中山區林森北路91~120號,商,121.524963,25.0500078
臺北市內湖區文湖街21巷98弄1~30號,住,121.5598263,25.090386
臺北市內湖區金湖路347巷180弄1~30號,住,121.5984551,25.073734
臺北市內湖區康寧路一段156巷10弄1~30號,住,121.5937636,25.0783096
臺北市大同區民族西路187巷1~30號,住,121.5149307,25.0689233
臺北市大同區民生西路171巷1~30號,商,121.51722,25.057399
臺北市萬華區萬大路449巷10弄1~30號,住,121.4986905,25.0204772
臺北市萬華區國興路31~60號,住,121.5052164,25.0274417
臺北市中正區齊東街82巷1~30號,住,121.5271164,25.0419815
臺北市萬華區桂林路121~150號,商,121.5003317,25.0385744
臺北市文山區興隆路二段241~270號,其他,121.5514114,25.0018265
臺北市中正區和平西路二段16巷1~30號,住,121.5136406,25.0278432
臺北市中正區泉州街145巷1~30號,住,121.5131187,25.0245536
臺北市中正區羅斯福路四段136巷6弄1~30號,商,121.534819,25.013991
臺北市文山區久康街24巷1~30號,住,121.5655223,24.9891734
臺北市萬華區萬大路277巷31~60號,住,121.500738,25.0319463
臺北市萬華區大理街61~90號,其他,121.49985,25.0345781
臺北市大同區民權西路144巷19弄1~30號,住,121.5162533,25.0618708
臺北市萬華區青年路31~60號,住,121.5050743,25.025622
臺北市中山區龍江路318巷1~30號,住,121.540523,25.0470691
臺北市中山區新生北路三段11巷1~30號,住,121.5281446,25.0630072
臺北市中山區松江路1~30號,商,121.5329859,25.0456563
臺北市內湖區康寧路三段180巷1~30號,住,121.6119499,25.0691104
臺北市內湖區環山路二段91~120號,住,121.575143,25.084583
臺北市南港區中南街61~90號,商,121.6153222,25.0534917
臺北市南港區經貿二路157巷36弄61~90號,住,121.6156424,25.0611832
臺北市信義區忠孝東路五段492巷1~30號,住,121.581918,25.043939
臺北市信義區信安街151~180號,住,121.5554324,25.0228918
臺北市信義區吳興街220巷61~90號,住,121.561399,25.026524
臺北市北投區建民路116巷1~30號,住,121.5177386,25.1096601
臺北市北投區三合街二段451~480號,住,121.5020609,25.1264159
臺北市北投區翠宜路31~60號,住,121.504943,25.1432679
臺北市北投區明德路151~180號,住,121.520648,25.110872
臺北市士林區小北街22巷1~30號,商,121.5251121,25.0910239
臺北市北投區崇仁路一段61~90號,住,121.5014953,25.1268474
臺北市士林區德行東路190巷2弄1~30號,住,121.5310343,25.1082443
臺北市士林區德行東路181~210號,住,121.5312359,25.1089156
臺北市士林區德行東路181~210號,住,121.5312359,25.1089156
臺北市士林區德行東路190巷6弄1~30號,住,121.5313827,25.1077034
臺北市士林區德行東路190巷6弄1~30號,住,121.5313827,25.1077034
臺北市士林區德行東路190巷6弄1~30號,住,121.5313827,25.1077034
臺北市士林區德行東路190巷6弄1~30號,住,121.5313827,25.1077034
臺北市士林區德行東路190巷6弄1~30號,住,121.5313827,25.1077034
臺北市中正區中華路二段303巷1~30號,住,121.5069002,25.0365909
臺北市萬華區康定路61~90號,商,121.5022957,25.0409705
臺北市內湖區民權東路六段245巷31~60號,住,121.5790779,25.0671158
臺北市內湖區成功路二段361~390號,住,121.5893826,25.0725915
臺北市內湖區康樂街136巷1~30號,住,121.6190774,25.0718974
臺北市中山區龍江路241~270號,住,121.5408121,25.0584445
臺北市中山區龍江路295巷1~30號,住,121.540523,25.0470691
臺北市大安區忠孝東路四段216巷8弄1~30號,住,121.5440557,25.0418391
臺北市大安區和平東路二段311巷61~90號,住,121.545412,25.0259629
臺北市大安區信義路三段134巷65弄1~30號,住,121.5329921,25.033825
臺北市大安區仁愛路四段266巷15弄1~30號,住,121.5440218,25.0382984
臺北市大安區樂業街65巷1~30號,住,121.5509017,25.0221248
臺北市北投區中和街451~480號,住,121.4973165,25.1444435
臺北市信義區莊敬路271~300號,商,121.5628576,25.0290837
臺北市中山區林森北路119巷1~30號,其他,121.5252532,25.0508342
臺北市士林區忠義街71巷13弄1~30號,住,121.5322793,25.1059109
臺北市士林區基河路121~150號,住,121.5238915,25.0882745
臺北市北投區文林北路1~30號,住,121.518852,25.104822
臺北市大安區復興南路一段135巷1~30號,住,121.5442226,25.0428162
臺北市松山區寧安街7巷1~30號,住,121.5545918,25.049574
臺北市松山區延壽街391~420號,住,121.5575652,25.0564796
臺北市松山區延壽街330巷1~30號,住,121.5605224,25.0551284
臺北市士林區福國路1~30號,住,121.525105,25.1021349
臺北市北投區致遠一路一段107巷1~30號,住,121.5148185,25.1095497
臺北市北投區三合街一段82巷61~90號,住,121.505345,25.1269474
臺北市大安區忠孝東路三段217巷5弄1~30號,住,121.5356358,25.0424339
臺北市大安區建國南路二段123巷1~30號,住,121.5381899,25.0332284
臺北市大安區東豐街31~60號,住,121.5458676,25.0361439
臺北市大安區永康街47巷1~30號,住,121.529971,25.0333313
臺北市內湖區康寧路三段70巷1~30號,住,121.6119499,25.0691104
臺北市內湖區康寧路三段75巷121~150號,住,121.6096196,25.0748338
臺北市內湖區東湖路61~90號,商,121.6147567,25.0688037
臺北市大同區酒泉街10巷1~30號,商,121.5198081,25.0704996
臺北市萬華區和平西路三段1~30號,商,121.5043512,25.0346049
臺北市文山區和興路91~120號,住,121.5493757,24.9853697
臺北市士林區天母北路9巷1~30號,住,121.526696,25.1192669
臺北市士林區天母東路105巷31~60號,住,121.5319856,25.1182213
臺北市士林區中山北路五段661~690號,商,121.5273505,25.0970249
臺北市士林區中山北路五段661~690號,商,121.5273505,25.0970249
臺北市士林區中山北路五段661~690號,商,121.5273505,25.0970249
臺北市松山區健康路391~420號,住,121.5687966,25.054497
臺北市松山區民生東路五段181~210號,商,121.5630527,25.0587166
臺北市松山區民生東路五段31~60號,其他,121.5567509,25.0586055
臺北市南港區東明街31~60號,住,121.6046533,25.0561803
臺北市中山區林森北路416巷1~30號,商,121.5248924,25.059956
臺北市中山區復興北路421~450號,住,121.5444532,25.063083
臺北市中山區朱崙街31~60號,住,121.5409333,25.0500866
臺北市中山區朱崙街31~60號,住,121.5409333,25.0500866
臺北市內湖區成功路五段451~480號,住,121.6069562,25.0747633
臺北市內湖區民權東路六段121~150號,商,121.5926773,25.0690935
臺北市大同區寧夏路1~30號,商,121.5149537,25.0543191
臺北市萬華區西寧南路121~150號,商,121.506596,25.044641
臺北市文山區萬隆街62巷1~30號,住,121.537096,25.001054
臺北市中正區汀州路二段241~270號,住,121.523052,25.0231758
臺北市文山區恆光街30巷1~30號,住,121.5663225,24.9838435
臺北市文山區興隆路三段207巷9弄1~30號,住,121.560953,24.995041
臺北市中正區羅斯福路四段78巷1弄1~30號,商,121.5344169,25.0139907
